{
  "generated_poses": [
    [
      -40.0,
      -700.0,
      500.0,
      90.0,
      0.0,
      180.0
    ],
    [
      131.01007166283435,
      -700.0,
      469.8463103929542,
      90.0,
      0.0,
      -160.0
    ],
    [
      108.09906636301193,
      -614.4949641685828,
      469.8463103929542,
      90.0,
      -169.6858951843818,
      -17.229396562958897
    ],
    [
      45.50503583141719,
      -551.9009336369882,
      469.8463103929542,
      90.0,
      -162.50475924300025,
      -9.846551939834077
    ],
    [
      -39.99999999999999,
      -528.9899283371657,
      469.8463103929542,
      90.0,
      -160.00000000000003,
      3.8570596152506515e-16
    ],
    [
      -125.50503583141713,
      -551.900933636988,
      469.8463103929542,
      90.0,
      -162.50475924300025,
      9.846551939834074
    ],
    [
      -188.09906636301193,
      -614.4949641685828,
      469.8463103929542,
      90.0,
      -169.6858951843818,
      17.229396562958897
    ],
    [
      -211.01007166283435,
      -700.0,
      469.8463103929542,
      90.0,
      0.0,
      160.0
    ],
    [
      281.3938048432696,
      -700.0,
      383.022221559489,
      90.0,
      0.0,
      -140.00000000000003
    ],
    [
      238.33519961320968,
      -539.3030975783652,
      383.022221559489,
      90.0,
      -157.23952372538338,
      -33.82584497056972
    ],
    [
      120.69690242163483,
      -421.6648003867904,
      383.022221559489,
      90.0,
      -143.99478518121347,
      -18.747237251037504
    ],
    [
      -39.99999999999998,
      -378.6061951567304,
      383.022221559489,
      90.0,
      -140.00000000000003,
      -1.8753909642870756e-16
    ],
    [
      -200.69690242163472,
      -421.6648003867903,
      383.022221559489,
      90.0,
      -143.99478518121347,
      18.747237251037497
    ],
    [
      -318.3351996132097,
      -539.3030975783652,
      383.022221559489,
      90.0,
      -157.23952372538338,
      33.82584497056972
    ],
    [
      -361.3938048432696,
      -700.0,
      383.022221559489,
      90.0,
      0.0,
      140.00000000000003
    ],
    [
      393.0127018922193,
      -700.0,
      250.00000000000006,
      90.0,
      0.0,
      -120.00000000000001
    ],
    [
      335.0,
      -483.4936490538904,
      250.00000000000006,
      90.0,
      -139.1066053508691,
      -48.59037789072914
    ],
    [
      176.5063509461097,
      -325.00000000000006,
      250.00000000000006,
      90.0,
      -123.6900675259798,
      -25.658906273255287
    ],
    [
      -39.99999999999997,
      -266.9872981077807,
      250.00000000000006,
      90.0,
      -120.00000000000001,
      -3.1880555501945335e-15
    ],
    [
      -256.5063509461096,
      -325.0,
      250.00000000000006,
      90.0,
      -123.6900675259798,
      25.658906273255276
    ],
    [
      -415.0,
      -483.4936490538904,
      250.00000000000006,
      90.0,
      -139.1066053508691,
      48.590377890729144
    ],
    [
      -473.0127018922193,
      -700.0,
      250.00000000000006,
      90.0,
      0.0,
      120.00000000000001
    ]
  ],
  "reached_poses": [
    1,
    8,
    20
  ],
  "001": {
    "W2C": [
      [
        -0.00020943950858060651,
        0.999999977458311,
        -3.490658503279782e-05,
        703.6118415106359
      ],
      [
        0.9396746932564131,
        0.00018486453747567892,
        -0.34206934483897966,
        39.22919095452284
      ],
      [
        -0.34206933067516926,
        -0.00010444367006688914,
        -0.9396747107924963,
        412.44946917660764
      ],
      [
        0.0,
        0.0,
        0.0,
        1.0
      ]
    ],
    "RX": 104.371,
    "RY": -703.576,
    "RZ": 401.012,
    "RA": 90.012,
    "RB": 0.002,
    "RC": 200.003
  },
  "008": {
    "W2C": [
      [
        -0.00017453292335628081,
        0.9999999792860155,
        0.00010471975492779089,
        703.5823359807875
      ],
      [
        0.7659546621542439,
        0.0002010080712626002,
        -0.6428945598773826,
        32.286360143813134
      ],
      [
        -0.6428945676099906,
        -3.199568243865782e-05,
        -0.7659546813707974,
        400.4048295993469
      ],
      [
        0.0,
        0.0,
        0.0,
        1.0
      ]
    ],
    "RX": 232.811,
    "RY": -703.576,
    "RZ": 327.375,
    "RA": 90.01,
    "RB": 359.994,
    "RC": 220.008
  },
  "020": {
    "W2C": [
      [
        -0.00022429674799034362,
        -0.7559562730136741,
        0.6546220764549912,
        -525.6174277907528
      ],
      [
        -0.6615491532174257,
        -0.49079010847560867,
        -0.5669901121711096,
        -368.62092284647053
      ],
      [
        0.7499017719463505,
        -0.43319185439453495,
        -0.4999921496563201,
        152.9536942621826
      ],
      [
        0.0,
        0.0,
        0.0,
        1.0
      ]
    ],
    "RX": -358.679,
    "RY": -512.001,
    "RZ": 211.552,
    "RA": 269.983,
    "RB": 319.109,
    "RC": 228.593
  }
}