{
  "generated_poses": [
    [
      -40.0,
      -750.0,
      500.0,
      0.0,
      0.0,
      180.0
    ],
    [
      131.01007166283435,
      -750.0,
      469.8463103929542,
      0.0,
      -160.0,
      0.0
    ],
    [
      108.09906636301193,
      -664.4949641685828,
      469.8463103929542,
      0.0,
      -162.50475924300025,
      9.846551939834082
    ],
    [
      45.50503583141719,
      -601.9009336369882,
      469.8463103929542,
      0.0,
      -169.6858951843818,
      17.22939656295889
    ],
    [
      -39.99999999999999,
      -578.9899283371657,
      469.8463103929542,
      0.0,
      0.0,
      160.00000000000003
    ],
    [
      -125.50503583141713,
      -601.900933636988,
      469.8463103929542,
      0.0,
      169.68589518438182,
      17.229396562958897
    ],
    [
      -188.09906636301193,
      -664.4949641685828,
      469.8463103929542,
      0.0,
      162.50475924300025,
      9.846551939834082
    ],
    [
      -211.01007166283435,
      -750.0,
      469.8463103929542,
      0.0,
      160.0,
      0.0
    ],
    [
      281.3938048432696,
      -750.0,
      383.022221559489,
      0.0,
      -140.00000000000003,
      0.0
    ],
    [
      238.33519961320968,
      -589.3030975783652,
      383.022221559489,
      0.0,
      -143.99478518121347,
      18.747237251037504
    ],
    [
      120.69690242163483,
      -471.6648003867904,
      383.022221559489,
      0.0,
      -157.23952372538338,
      33.82584497056971
    ],
    [
      -39.99999999999998,
      -428.6061951567304,
      383.022221559489,
      0.0,
      0.0,
      140.00000000000003
    ],
    [
      -200.69690242163472,
      -471.6648003867903,
      383.022221559489,
      0.0,
      157.2395237253834,
      33.825844970569726
    ],
    [
      -318.3351996132097,
      -589.3030975783652,
      383.022221559489,
      0.0,
      143.99478518121347,
      18.747237251037504
    ],
    [
      -361.3938048432696,
      -750.0,
      383.022221559489,
      0.0,
      140.00000000000003,
      0.0
    ],
    [
      393.0127018922193,
      -750.0,
      250.00000000000006,
      0.0,
      -120.00000000000001,
      3.1805546814635168e-15
    ],
    [
      335.0,
      -533.4936490538904,
      250.00000000000006,
      0.0,
      -123.6900675259798,
      25.658906273255273
    ],
    [
      176.5063509461097,
      -375.00000000000006,
      250.00000000000006,
      0.0,
      -139.1066053508691,
      48.59037789072913
    ],
    [
      -39.99999999999997,
      -316.9872981077807,
      250.00000000000006,
      0.0,
      0.0,
      120.00000000000001
    ],
    [
      -256.5063509461096,
      -375.0,
      250.00000000000006,
      0.0,
      139.1066053508691,
      48.590377890729144
    ],
    [
      -415.0,
      -533.4936490538904,
      250.00000000000006,
      0.0,
      123.6900675259798,
      25.658906273255273
    ],
    [
      -473.0127018922193,
      -750.0,
      250.00000000000006,
      0.0,
      120.00000000000001,
      3.1805546814635168e-15
    ]
  ],
  "000": {
    "W2C": [
      [
        0.9999999974107519,
        1.7453292476524584e-05,
        6.981317002312597e-05,
        43.613309774624824
      ],
      [
        1.7444763101076477e-05,
        -0.9999999923847133,
        0.00012217304703796984,
        -748.5423022381025
      ],
      [
        6.981530181340139e-05,
        -0.0001221718288474211,
        -0.999999990099934,
        426.1025973079532
      ],
      [
        0.0,
        0.0,
        0.0,
        1.0
      ]
    ],
    "RX": -43.63,
    "RY": -748.491,
    "RZ": 426.191,
    "RA": 0.001,
    "RB": 359.996,
    "RC": 179.993
  },
  "reached_poses": [
    0,
    2,
    3,
    4,
    9,
    10,
    12,
    13,
    16,
    20
  ],
  "002": {
    "W2C": [
      [
        -0.9537117021514279,
        1.66454093193167e-05,
        0.30072244495939526,
        -34.57804070081116
      ],
      [
        -0.05139617367993803,
        0.9852777936001186,
        -0.16305245404330404,
        738.4116831323123
      ],
      [
        -0.29629786113046414,
        -0.17096101649619563,
        -0.939670106116024,
        286.0363102754589
      ],
      [
        0.0,
        0.0,
        0.0,
        1.0
      ]
    ],
    "RX": 89.726,
    "RY": -678.639,
    "RZ": 399.578,
    "RA": 179.999,
    "RB": 342.499,
    "RC": 189.844
  },
  "003": {
    "W2C": [
      [
        -0.9838569372115895,
        6.868617180326283e-05,
        0.17895676121018847,
        -35.728730377601416
      ],
      [
        -0.05295371256068872,
        0.9551064164426123,
        -0.2914920883938213,
        715.754546691306
      ],
      [
        -0.17094277237330213,
        -0.29626293820247107,
        -0.9396844364045669,
        197.13672735268733
      ],
      [
        0.0,
        0.0,
        0.0,
        1.0
      ]
    ],
    "RX": 36.449,
    "RY": -625.215,
    "RZ": 400.277,
    "RA": 179.996,
    "RB": 349.691,
    "RC": 197.234
  },
  "004": {
    "W2C": [
      [
        0.9999999969538258,
        -3.490658494833062e-05,
        6.981317002312598e-05,
        43.58003402669308
      ],
      [
        -5.6679907383244406e-05,
        -0.9396866498591638,
        0.3420365431702427,
        -703.2731781472681
      ],
      [
        5.3663176205474024e-05,
        -0.3420365460853438,
        -0.9396866489752166,
        169.66285077727875
      ],
      [
        0.0,
        0.0,
        0.0,
        1.0
      ]
    ],
    "RX": -43.629,
    "RY": -602.824,
    "RZ": 399.972,
    "RA": 359.998,
    "RB": 359.996,
    "RC": 159.999
  },
  "009": {
    "W2C": [
      [
        -0.8089964761829584,
        1.4119652148140001e-05,
        0.5878134919548815,
        -28.64837164680084
      ],
      [
        -0.1888716369186271,
        0.9469670819411702,
        -0.25996317140607306,
        704.1460514052658
      ],
      [
        -0.5566436977917152,
        -0.32133058603323217,
        -0.7660903655498517,
        162.8999209218946
      ],
      [
        0.0,
        0.0,
        0.0,
        1.0
      ]
    ],
    "RX": 200.494,
    "RY": -614.458,
    "RZ": 324.688,
    "RA": 179.999,
    "RB": 323.998,
    "RC": 198.744
  },
  "010": {
    "W2C": [
      [
        -0.9221469586560982,
        0.0001287560057633501,
        0.3868397214134027,
        -33.261999270752554
      ],
      [
        -0.21529441458685317,
        0.8306454061838423,
        -0.5134944247344695,
        616.0328937626786
      ],
      [
        -0.3213927530125909,
        -0.5568017534163938,
        -0.7659494145852044,
        -4.27511121410174
      ],
      [
        0.0,
        0.0,
        0.0,
        1.0
      ]
    ],
    "RX": 100.582,
    "RY": -514.081,
    "RZ": 325.922,
    "RA": 179.992,
    "RB": 337.242,
    "RC": 213.838
  },
  "012": {
    "W2C": [
      [
        -0.9220861881162911,
        8.046720005302598e-05,
        -0.38698456714731827,
        -33.24099756922287
      ],
      [
        0.21548499734048382,
        0.8307325743662689,
        -0.5132734220743984,
        633.2062465479023
      ],
      [
        0.32143938403117195,
        -0.5566717016445343,
        -0.7660243723158155,
        21.501686638964102
      ],
      [
        0.0,
        0.0,
        0.0,
        1.0
      ]
    ],
    "RX": -174.009,
    "RY": -514.053,
    "RZ": 328.615,
    "RA": 179.995,
    "RB": 22.767,
    "RC": 213.824
  },
  "013": {
    "W2C": [
      [
        -0.8088733294533532,
        0.00016941003644341322,
        -0.5879829148872326,
        -28.653405993409077
      ],
      [
        0.1890923498017318,
        0.9469522413507292,
        -0.2598567602493532,
        719.2754428409245
      ],
      [
        0.5567477167851762,
        -0.3213742738631547,
        -0.7659964464365505,
        207.40191108321284
      ],
      [
        0.0,
        0.0,
        0.0,
        1.0
      ]
    ],
    "RX": -274.657,
    "RY": -614.461,
    "RZ": 328.93,
    "RA": 179.988,
    "RB": 36.014,
    "RC": 198.739
  },
  "016": {
    "W2C": [
      [
        -0.5545539861175365,
        -2.9036378839670193e-05,
        0.8321477486829126,
        -18.645974426437668
      ],
      [
        -0.36033969429532475,
        0.9013909157521558,
        -0.24010356456046622,
        663.120880373022
      ],
      [
        -0.7500834494883242,
        -0.4330062541769791,
        -0.49988038834036896,
        71.37929008470795
      ],
      [
        0.0,
        0.0,
        0.0,
        1.0
      ]
    ],
    "RX": 282.149,
    "RY": -566.824,
    "RZ": 210.415,
    "RA": 180.003,
    "RB": 303.68,
    "RC": 205.656
  },
  "020": {
    "W2C": [
      [
        -0.5546556486808116,
        9.680567285390936e-06,
        -0.8320799909219992,
        -18.52878723862725
      ],
      [
        0.36042288294363223,
        0.9013203511254415,
        -0.24024356411298808,
        692.040098689268
      ],
      [
        0.7499683038882832,
        -0.43315311906229803,
        -0.4999259131206683,
        131.37997366270827
      ],
      [
        0.0,
        0.0,
        0.0,
        1.0
      ]
    ],
    "RX": -358.235,
    "RY": -566.842,
    "RZ": 216.521,
    "RA": 179.999,
    "RB": 56.313,
    "RC": 205.667
  }
}