{
  "generated_poses": [
    [
      40.0,
      -550.0,
      540.0,
      -90.0,
      0.0,
      180.0
    ],
    [
      211.01007166283435,
      -550.0,
      509.8463103929542,
      -90.0,
      0.0,
      160.0
    ],
    [
      205.18304477467606,
      -505.7393365493116,
      509.8463103929542,
      -90.0,
      174.61847964411524,
      19.290997135970912
    ],
    [
      188.09906636301193,
      -464.49496416858284,
      509.8463103929542,
      -90.0,
      169.68589518438182,
      17.229396562958893
    ],
    [
      160.92238132398762,
      -429.0776186760124,
      509.8463103929542,
      -90.0,
      165.56724495673262,
      13.995445358891418
    ],
    [
      125.50503583141719,
      -401.9009336369881,
      509.8463103929542,
      -90.0,
      162.50475924300025,
      9.846551939834079
    ],
    [
      84.26066345068843,
      -384.8169552253239,
      509.8463103929542,
      -90.0,
      160.62994479145988,
      5.0785458159693935
    ],
    [
      40.00000000000001,
      -378.9899283371657,
      509.8463103929542,
      -90.0,
      160.00000000000003,
      2.014149958434386e-15
    ],
    [
      -4.2606634506884475,
      -384.8169552253239,
      509.8463103929542,
      -90.0,
      160.62994479145988,
      -5.0785458159693935
    ],
    [
      -45.50503583141713,
      -401.90093363698804,
      509.8463103929542,
      -90.0,
      162.50475924300025,
      -9.84655193983407
    ],
    [
      -80.92238132398761,
      -429.0776186760124,
      509.8463103929542,
      -90.0,
      165.56724495673262,
      -13.995445358891413
    ],
    [
      -108.09906636301193,
      -464.49496416858284,
      509.8463103929542,
      -90.0,
      169.6858951843818,
      -17.229396562958897
    ],
    [
      -125.18304477467603,
      -505.73933654931153,
      509.8463103929542,
      -90.0,
      174.6184796441152,
      -19.290997135970905
    ],
    [
      -131.01007166283435,
      -550.0,
      509.8463103929542,
      -90.0,
      0.0,
      -160.0
    ],
    [
      -125.18304477467606,
      -594.2606634506884,
      509.8463103929542,
      -90.0,
      -174.61847964411524,
      -19.290997135970912
    ],
    [
      -108.0990663630119,
      -635.5050358314172,
      509.8463103929542,
      -90.0,
      -169.6858951843818,
      -17.229396562958893
    ],
    [
      -80.92238132398765,
      -670.9223813239876,
      509.8463103929542,
      -90.0,
      -165.56724495673262,
      -13.995445358891422
    ],
    [
      -45.505035831417246,
      -698.0990663630118,
      509.8463103929542,
      -90.0,
      -162.50475924300025,
      -9.846551939834086
    ],
    [
      -4.260663450688405,
      -715.1830447746761,
      509.8463103929542,
      -90.0,
      -160.62994479145988,
      -5.078545815969391
    ],
    [
      39.99999999999997,
      -721.0100716628343,
      509.8463103929542,
      -90.0,
      -160.00000000000003,
      -4.4568159537983665e-15
    ],
    [
      84.26066345068836,
      -715.1830447746761,
      509.8463103929542,
      -90.0,
      -160.62994479145988,
      5.078545815969383
    ],
    [
      125.50503583141719,
      -698.0990663630118,
      509.8463103929542,
      -90.0,
      -162.50475924300025,
      9.846551939834077
    ],
    [
      160.9223813239876,
      -670.9223813239877,
      509.8463103929542,
      -90.0,
      -165.56724495673262,
      13.995445358891411
    ],
    [
      188.09906636301187,
      -635.5050358314172,
      509.8463103929542,
      -90.0,
      -169.6858951843818,
      17.229396562958893
    ],
    [
      205.18304477467606,
      -594.2606634506884,
      509.8463103929542,
      -90.0,
      -174.61847964411524,
      19.290997135970912
    ],
    [
      361.3938048432696,
      -550.0,
      423.022221559489,
      -90.0,
      0.0,
      140.00000000000003
    ],
    [
      350.44257650742276,
      -466.81716232859907,
      423.022221559489,
      -90.0,
      167.7470627632349,
      38.380801886135025
    ],
    [
      318.3351996132097,
      -389.3030975783652,
      423.022221559489,
      -90.0,
      157.2395237253834,
      33.82584497056972
    ],
    [
      267.2597388360218,
      -322.74026116397823,
      423.022221559489,
      -90.0,
      149.3179438235666,
      27.034020839824866
    ],
    [
      200.69690242163483,
      -271.6648003867904,
      423.022221559489,
      -90.0,
      143.99478518121347,
      18.747237251037504
    ],
    [
      123.18283767140095,
      -239.55742349257724,
      423.022221559489,
      -90.0,
      140.97495647538838,
      9.576578515569942
    ],
    [
      40.00000000000002,
      -228.6061951567304,
      423.022221559489,
      -90.0,
      140.00000000000003,
      4.6977928942992545e-15
    ],
    [
      -43.182837671400975,
      -239.55742349257724,
      423.022221559489,
      -90.0,
      140.97495647538838,
      -9.576578515569938
    ],
    [
      -120.69690242163472,
      -271.6648003867903,
      423.022221559489,
      -90.0,
      143.99478518121347,
      -18.747237251037493
    ],
    [
      -187.25973883602177,
      -322.7402611639782,
      423.022221559489,
      -90.0,
      149.31794382356657,
      -27.03402083982485
    ],
    [
      -238.33519961320968,
      -389.3030975783652,
      423.022221559489,
      -90.0,
      157.23952372538338,
      -33.82584497056972
    ],
    [
      -270.4425765074227,
      -466.81716232859895,
      423.022221559489,
      -90.0,
      167.74706276323488,
      -38.380801886135
    ],
    [
      -281.3938048432696,
      -550.0,
      423.022221559489,
      -90.0,
      0.0,
      -140.00000000000003
    ],
    [
      -270.44257650742276,
      -633.182837671401,
      423.022221559489,
      -90.0,
      -167.7470627632349,
      -38.38080188613501
    ],
    [
      -238.33519961320962,
      -710.6969024216348,
      423.022221559489,
      -90.0,
      -157.23952372538338,
      -33.82584497056971
    ],
    [
      -187.25973883602185,
      -777.2597388360218,
      423.022221559489,
      -90.0,
      -149.31794382356657,
      -27.034020839824862
    ],
    [
      -120.69690242163495,
      -828.3351996132096,
      423.022221559489,
      -90.0,
      -143.9947851812135,
      -18.747237251037514
    ],
    [
      -43.182837671400904,
      -860.4425765074227,
      423.022221559489,
      -90.0,
      -140.97495647538838,
      -9.576578515569937
    ],
    [
      39.99999999999994,
      -871.3938048432697,
      423.022221559489,
      -90.0,
      -140.0,
      -8.768902886572556e-15
    ],
    [
      123.1828376714008,
      -860.4425765074228,
      423.022221559489,
      -90.0,
      -140.97495647538838,
      9.576578515569919
    ],
    [
      200.69690242163483,
      -828.3351996132096,
      423.022221559489,
      -90.0,
      -143.99478518121347,
      18.747237251037504
    ],
    [
      267.2597388360217,
      -777.2597388360218,
      423.022221559489,
      -90.0,
      -149.31794382356657,
      27.03402083982485
    ],
    [
      318.33519961320957,
      -710.696902421635,
      423.022221559489,
      -90.0,
      -157.23952372538335,
      33.82584497056971
    ],
    [
      350.44257650742276,
      -633.1828376714009,
      423.022221559489,
      -90.0,
      -167.7470627632349,
      38.380801886135025
    ],
    [
      473.0127018922193,
      -550.0,
      290.00000000000006,
      -90.0,
      0.0,
      120.00000000000001
    ],
    [
      458.25815186890395,
      -437.92806597899335,
      290.00000000000006,
      -90.0,
      155.85389154869512,
      56.77405779671242
    ],
    [
      415.0,
      -333.4936490538904,
      290.00000000000006,
      -90.0,
      139.1066053508691,
      48.590377890729144
    ],
    [
      346.18621784789724,
      -243.81378215210276,
      290.00000000000006,
      -90.0,
      129.23152048359228,
      37.76124390703504
    ],
    [
      -266.18621784789724,
      -243.81378215210276,
      290.00000000000006,
      -90.0,
      129.23152048359228,
      -37.76124390703503
    ],
    [
      -335.0,
      -333.4936490538904,
      290.00000000000006,
      -90.0,
      139.1066053508691,
      -48.59037789072914
    ],
    [
      -378.2581518689039,
      -437.92806597899323,
      290.00000000000006,
      -90.0,
      155.8538915486951,
      -56.77405779671241
    ],
    [
      -393.0127018922193,
      -550.0,
      290.00000000000006,
      -90.0,
      0.0,
      -120.00000000000001
    ],
    [
      -378.25815186890395,
      -662.0719340210067,
      290.00000000000006,
      -90.0,
      -155.85389154869512,
      -56.77405779671242
    ],
    [
      -334.99999999999994,
      -766.5063509461097,
      290.00000000000006,
      -90.0,
      -139.1066053508691,
      -48.59037789072913
    ],
    [
      -266.1862178478973,
      -856.1862178478973,
      290.00000000000006,
      -90.0,
      -129.23152048359228,
      -37.76124390703504
    ],
    [
      -176.50635094610985,
      -924.9999999999999,
      290.00000000000006,
      -90.0,
      -123.6900675259798,
      -25.658906273255305
    ],
    [
      -72.07193402100663,
      -968.258151868904,
      290.00000000000006,
      -90.0,
      -120.86747779067439,
      -12.952539642222353
    ],
    [
      39.99999999999992,
      -983.0127018922193,
      290.00000000000006,
      -90.0,
      -120.00000000000001,
      -1.240928463321431e-14
    ],
    [
      152.07193402100648,
      -968.258151868904,
      290.00000000000006,
      -90.0,
      -120.86747779067439,
      12.952539642222334
    ],
    [
      256.5063509461097,
      -925.0,
      290.00000000000006,
      -90.0,
      -123.6900675259798,
      25.658906273255283
    ],
    [
      346.1862178478972,
      -856.1862178478973,
      290.00000000000006,
      -90.0,
      -129.23152048359225,
      37.76124390703502
    ],
    [
      414.9999999999999,
      -766.5063509461098,
      290.00000000000006,
      -90.0,
      -139.10660535086907,
      48.59037789072911
    ],
    [
      458.25815186890395,
      -662.0719340210067,
      290.00000000000006,
      -90.0,
      -155.85389154869512,
      56.77405779671241
    ]
  ],
  "000": {
    "W2C": [
      [
        -1.745329251631507e-05,
        -0.9999999996953826,
        -1.7453292519057202e-05,
        -546.3641387969535
      ],
      [
        -0.9999999960400002,
        1.745176936541946e-05,
        8.726646247533596e-05,
        41.51685557503762
      ],
      [
        -8.726615785791737e-05,
        1.745481553703861e-05,
        -0.9999999960399735,
        466.1651607282818
      ],
      [
        0.0,
        0.0,
        0.0,
        1.0
      ]
    ],
    "RX": 41.548,
    "RY": -546.373,
    "RZ": 466.152,
    "RA": 269.999,
    "RB": 0.001,
    "RC": 179.995
  },
  "reached_poses": [
    0,
    1,
    2,
    3,
    4,
    5,
    6,
    7,
    22,
    23,
    24,
    26,
    27,
    28,
    50,
    51,
    52
  ],
  "001": {
    "W2C": [
      [
        -5.235987750427509e-05,
        -0.9999999980199867,
        -3.490658503279783e-05,
        -546.3818409045242
      ],
      [
        -0.9396508274669715,
        3.7257239722809683e-05,
        0.3421349456757289,
        25.41252438344487
      ],
      [
        -0.3421349436977741,
        5.071414535562765e-05,
        -0.939650827557235,
        477.44818800393836
      ],
      [
        0.0,
        0.0,
        0.0,
        1.0
      ]
    ],
    "RX": 187.202,
    "RY": -546.407,
    "RZ": 439.921,
    "RA": 269.997,
    "RB": 0.002,
    "RC": 159.993
  },
  "002": {
    "W2C": [
      [
        0.00012163404499198694,
        0.995588198353286,
        -0.09383029630570848,
        554.9214633987514
      ],
      [
        0.9438951829358805,
        -0.031101305392558728,
        -0.3287774208082418,
        -40.20883057230004
      ],
      [
        -0.3302451647421958,
        -0.08852597416880965,
        -0.9397346875910579,
        428.2563106229683
      ],
      [
        0.0,
        0.0,
        0.0,
        1.0
      ]
    ],
    "RX": 179.315,
    "RY": -515.812,
    "RZ": 441.296,
    "RA": 89.993,
    "RB": 5.384,
    "RC": 199.283
  },
  "003": {
    "W2C": [
      [
        -5.151282898100312e-05,
        0.9838225628972299,
        -0.17914564488358228,
        551.9100603428057
      ],
      [
        0.9551158360600165,
        -0.05302037061279585,
        -0.2914491036312473,
        -54.19421336213637
      ],
      [
        -0.29623257257398994,
        -0.17111985575732552,
        -0.939661778467012,
        381.4868066820395
      ],
      [
        0.0,
        0.0,
        0.0,
        1.0
      ]
    ],
    "RX": 164.799,
    "RY": -480.575,
    "RZ": 441.546,
    "RA": 90.003,
    "RB": 10.32,
    "RC": 197.232
  },
  "004": {
    "W2C": [
      [
        0.0002197300365989698,
        0.9684310394868691,
        -0.2492815145113919,
        546.188432640387
      ],
      [
        0.970332676369262,
        -0.060476159705524966,
        -0.2340878708462634,
        -61.18976591765932
      ],
      [
        -0.24177354877814092,
        -0.24183456300879355,
        -0.9397135708531456,
        340.3953207078198
      ],
      [
        0.0,
        0.0,
        0.0,
        1.0
      ]
    ],
    "RX": 141.553,
    "RY": -450.327,
    "RZ": 441.705,
    "RA": 89.987,
    "RB": 14.435,
    "RC": 193.988
  },
  "005": {
    "W2C": [
      [
        3.329155139419877e-05,
        0.9537326937786815,
        -0.300655862589327,
        540.165545549288
      ],
      [
        0.9852870355618846,
        -0.051415698886661546,
        -0.16299043978611052,
        -59.66094089375435
      ],
      [
        -0.17090774249678148,
        -0.2962268973703365,
        -0.9397021702800298,
        307.6562277918521
      ],
      [
        0.0,
        0.0,
        0.0,
        1.0
      ]
    ],
    "RX": 111.346,
    "RY": -427.105,
    "RZ": 441.785,
    "RA": 89.998,
    "RB": 17.497,
    "RC": 189.84
  },
  "006": {
    "W2C": [
      [
        1.6465374165040604e-05,
        0.9433964476630018,
        -0.33166721614552236,
        535.7013098996271
      ],
      [
        0.9960807896923302,
        -0.029350795870435424,
        -0.08343615036467146,
        -51.137511048953115
      ],
      [
        -0.08844806461870992,
        -0.3303659687658541,
        -0.9396995618529377,
        285.5882516238052
      ],
      [
        0.0,
        0.0,
        0.0,
        1.0
      ]
    ],
    "RX": 76.188,
    "RY": -412.531,
    "RZ": 441.775,
    "RA": 89.999,
    "RB": 19.37,
    "RC": 185.074
  },
  "007": {
    "W2C": [
      [
        4.920031494061208e-05,
        0.9396567980798162,
        -0.34211854583129003,
        534.1449498483952
      ],
      [
        0.9999999963847329,
        -2.250440213093361e-05,
        8.200052483422056e-05,
        -38.515394973655134
      ],
      [
        6.935317727475055e-05,
        -0.34211854862889174,
        -0.9396567957899296,
        275.61440450651094
      ],
      [
        0.0,
        0.0,
        0.0,
        1.0
      ]
    ],
    "RX": 38.47,
    "RY": -407.621,
    "RZ": 441.727,
    "RA": 89.997,
    "RB": 20.006,
    "RC": 179.995
  },
  "022": {
    "W2C": [
      [
        -0.00015212079524781197,
        0.9684310524669117,
        0.24928151451139202,
        526.274947809116
      ],
      [
        0.9702904642069308,
        0.06045484858794403,
        -0.23426827858527433,
        5.319049351195455
      ],
      [
        -0.2419429518055085,
        0.2418398393566256,
        -0.9396686118901699,
        606.4196720988788
      ],
      [
        0.0,
        0.0,
        0.0,
        1.0
      ]
    ],
    "RX": 141.638,
    "RY": -656.639,
    "RZ": 439.889,
    "RA": 90.009,
    "RB": 345.565,
    "RC": 193.999
  },
  "023": {
    "W2C": [
      [
        1.717143392676306e-05,
        0.9838506920905381,
        0.17899110418708292,
        537.531208654819
      ],
      [
        0.9550933002393294,
        0.053019864303771216,
        -0.2915230382442454,
        4.165697886037278
      ],
      [
        -0.29630522699251854,
        0.170958210280112,
        -0.9396682940244035,
        569.6519836542409
      ],
      [
        0.0,
        0.0,
        0.0,
        1.0
      ]
    ],
    "RX": 164.803,
    "RY": -626.458,
    "RZ": 440.285,
    "RA": 89.999,
    "RB": 349.689,
    "RC": 197.236
  },
  "024": {
    "W2C": [
      [
        -3.475304134139877e-05,
        0.9956012966530066,
        0.09369128505404466,
        547.4409595351501
      ],
      [
        0.9438287095772879,
        0.030991547302657383,
        -0.32897855701163664,
        -5.99657325723989
      ],
      [
        -0.33043511582441976,
        0.08841709166580455,
        -0.9396781641240064,
        525.644002239543
      ],
      [
        0.0,
        0.0,
        0.0,
        1.0
      ]
    ],
    "RX": 179.37,
    "RY": -591.323,
    "RZ": 440.673,
    "RA": 90.002,
    "RB": 354.624,
    "RC": 199.295
  },
  "026": {
    "W2C": [
      [
        -8.527950169488364e-05,
        0.9772311027416586,
        -0.21217767215644623,
        549.5131088494973
      ],
      [
        0.7838025132273281,
        -0.13169916973232312,
        -0.6068846257323882,
        -77.95369404087526
      ],
      [
        -0.6210101553001616,
        -0.16635714750541533,
        -0.7659449630932568,
        390.11090949746864
      ],
      [
        0.0,
        0.0,
        0.0,
        1.0
      ]
    ],
    "RX": 303.41,
    "RY": -482.37,
    "RZ": 368.089,
    "RA": 90.005,
    "RB": 12.25,
    "RC": 218.391
  },
  "027": {
    "W2C": [
      [
        -9.656064000983561e-05,
        0.9220861865714318,
        -0.3869845671473182,
        526.2707972935727
      ],
      [
        0.8307544993460506,
        -0.21533672811570834,
        -0.5133001610565833,
        -129.63037627185219
      ],
      [
        -0.5566389785959439,
        -0.32153873492718726,
        -0.7660064552267744,
        302.2410774027999
      ],
      [
        0.0,
        0.0,
        0.0,
        1.0
      ]
    ],
    "RX": 275.981,
    "RY": -415.999,
    "RZ": 368.638,
    "RA": 90.006,
    "RB": 22.767,
    "RC": 213.826
  },
  "028": {
    "W2C": [
      [
        -9.005564741894763e-05,
        0.8599680832614054,
        -0.5103478104799557,
        497.02354967454636
      ],
      [
        0.8907929760778666,
        -0.2318378359247691,
        -0.3908184893323971,
        -146.0478841071826
      ],
      [
        -0.45440935912491665,
        -0.45464944034434307,
        -0.7660326499139957,
        224.93993320379707
      ],
      [
        0.0,
        0.0,
        0.0,
        1.0
      ]
    ],
    "RX": 232.358,
    "RY": -359.015,
    "RZ": 368.888,
    "RA": 90.006,
    "RB": 30.687,
    "RC": 207.03
  },
  "050": {
    "W2C": [
      [
        -7.96336673258868e-05,
        0.9125346066709537,
        -0.4089994930148041,
        521.8136211757667
      ],
      [
        0.5478267290129302,
        -0.3421258215382088,
        -0.7634368324987991,
        -177.9866437842681
      ],
      [
        -0.8365918172188112,
        -0.2241216497009904,
        -0.49988360394979336,
        356.3190543583735
      ],
      [
        0.0,
        0.0,
        0.0,
        1.0
      ]
    ],
    "RX": 395.641,
    "RY": -457.208,
    "RZ": 255.658,
    "RA": 90.005,
    "RB": 24.142,
    "RC": 236.784
  },
  "051": {
    "W2C": [
      [
        1.3192331142446126e-05,
        0.7558648963203375,
        -0.6547276214859182,
        445.52883257644413
      ],
      [
        0.6615781820005732,
        -0.49097125513276696,
        -0.5667993787348149,
        -272.37309623604017
      ],
      [
        -0.7498761957328548,
        -0.43314603212311753,
        -0.5000702010010397,
        237.98432427339318
      ],
      [
        0.0,
        0.0,
        0.0,
        1.0
      ]
    ],
    "RX": 358.649,
    "RY": -367.405,
    "RZ": 256.328,
    "RA": 89.999,
    "RB": 40.899,
    "RC": 228.579
  },
  "052": {
    "W2C": [
      [
        -0.00013245403911315515,
        0.6324214424724844,
        -0.7746244906772245,
        382.4650818293228
      ],
      [
        0.7906499817404975,
        -0.4742118725866263,
        -0.3872927914015914,
        -275.4666822622883
      ],
      [
        -0.6122683960728975,
        -0.6125081379042302,
        -0.49996119066524936,
        133.79526720589544
      ],
      [
        0.0,
        0.0,
        0.0,
        1.0
      ]
    ],
    "RX": 299.767,
    "RY": -290.558,
    "RZ": 256.473,
    "RA": 90.012,
    "RB": 50.771,
    "RC": 217.763
  }
}