{
  "generated_poses": [
    [
      -50.0,
      -750.0,
      500.0,
      -90.0,
      0.0,
      180.0
    ],
    [
      121.01007166283435,
      -750.0,
      469.8463103929542,
      -90.0,
      0.0,
      160.0
    ],
    [
      98.09906636301193,
      -664.4949641685828,
      469.8463103929542,
      -90.0,
      169.6858951843818,
      17.229396562958897
    ],
    [
      35.50503583141719,
      -601.9009336369882,
      469.8463103929542,
      -90.0,
      162.50475924300025,
      9.846551939834079
    ],
    [
      -49.99999999999999,
      -578.9899283371657,
      469.8463103929542,
      -90.0,
      160.00000000000003,
      2.014149958434386e-15
    ],
    [
      -135.50503583141713,
      -601.900933636988,
      469.8463103929542,
      -90.0,
      162.50475924300025,
      -9.84655193983407
    ],
    [
      -198.09906636301193,
      -664.4949641685828,
      469.8463103929542,
      -90.0,
      169.6858951843818,
      -17.229396562958897
    ],
    [
      -221.01007166283435,
      -750.0,
      469.8463103929542,
      -90.0,
      0.0,
      -160.0
    ],
    [
      271.3938048432696,
      -750.0,
      383.022221559489,
      -90.0,
      0.0,
      140.00000000000003
    ],
    [
      228.33519961320968,
      -589.3030975783652,
      383.022221559489,
      -90.0,
      157.23952372538338,
      33.82584497056972
    ],
    [
      110.69690242163483,
      -471.6648003867904,
      383.022221559489,
      -90.0,
      143.99478518121347,
      18.747237251037504
    ],
    [
      -49.99999999999998,
      -428.6061951567304,
      383.022221559489,
      -90.0,
      140.00000000000003,
      4.6977928942992545e-15
    ],
    [
      -210.69690242163472,
      -471.6648003867903,
      383.022221559489,
      -90.0,
      143.99478518121347,
      -18.747237251037493
    ],
    [
      -328.3351996132097,
      -589.3030975783652,
      383.022221559489,
      -90.0,
      157.23952372538338,
      -33.82584497056972
    ],
    [
      -371.3938048432696,
      -750.0,
      383.022221559489,
      -90.0,
      0.0,
      -140.00000000000003
    ],
    [
      383.0127018922193,
      -750.0,
      250.00000000000006,
      -90.0,
      0.0,
      120.00000000000001
    ],
    [
      325.0,
      -533.4936490538904,
      250.00000000000006,
      -90.0,
      139.1066053508691,
      48.590377890729144
    ],
    [
      166.5063509461097,
      -375.00000000000006,
      250.00000000000006,
      -90.0,
      123.6900675259798,
      25.658906273255294
    ],
    [
      -49.99999999999997,
      -316.9872981077807,
      250.00000000000006,
      -90.0,
      120.00000000000001,
      7.053057868651549e-15
    ],
    [
      -266.5063509461096,
      -375.0,
      250.00000000000006,
      -90.0,
      123.6900675259798,
      -25.65890627325527
    ],
    [
      -425.0,
      -533.4936490538904,
      250.00000000000006,
      -90.0,
      139.1066053508691,
      -48.59037789072914
    ],
    [
      -483.0127018922193,
      -750.0,
      250.00000000000006,
      -90.0,
      0.0,
      -120.00000000000001
    ]
  ],
  "000": {
    "W2C": [
      [
        -6.98131699814203e-05,
        -0.9999999969538259,
        -3.4906585032797815e-05,
        -746.3985113305235
      ],
      [
        -0.9999999937551302,
        6.981621593231002e-05,
        -8.726646243566077e-05,
        -48.44070210296288
      ],
      [
        8.726889921551004e-05,
        3.4900492466435044e-05,
        -0.9999999955830474,
        426.1512833541046
      ],
      [
        0.0,
        0.0,
        0.0,
        1.0
      ]
    ],
    "RX": -48.53,
    "RY": -746.41,
    "RZ": 426.121,
    "RA": 269.996,
    "RB": 0.002,
    "RC": 180.005
  },
  "reached_poses": [
    0,
    1,
    2,
    3,
    9,
    10,
    16
  ],
  "001": {
    "W2C": [
      [
        3.490658502765064e-05,
        -0.9999999992384565,
        -1.74532925190572e-05,
        -746.3894131290414
      ],
      [
        -0.9396627695389203,
        -3.877122721069344e-05,
        0.34210214562209007,
        -45.48560415194266
      ],
      [
        -0.34210214603824995,
        4.458591551731001e-06,
        -0.9396627701766974,
        409.0768692529779
      ],
      [
        0.0,
        0.0,
        0.0,
        1.0
      ]
    ],
    "RX": 97.231,
    "RY": -746.393,
    "RZ": 399.942,
    "RA": 270.002,
    "RB": 0.001,
    "RC": 159.995
  },
  "002": {
    "W2C": [
      [
        0.00013736798011195473,
        0.9838256811872375,
        -0.17912847391329625,
        741.4921188516895
      ],
      [
        0.9551573335103346,
        -0.05316879788686319,
        -0.29128602296144096,
        9.42289654813885
      ],
      [
        -0.2960987155856392,
        -0.17105586212619053,
        -0.9397156179721612,
        283.08871873932924
      ],
      [
        0.0,
        0.0,
        0.0,
        1.0
      ]
    ],
    "RX": 74.72,
    "RY": -680.574,
    "RZ": 401.59,
    "RA": 89.992,
    "RB": 10.319,
    "RC": 197.222
  },
  "003": {
    "W2C": [
      [
        8.322887839668664e-05,
        0.9537326907281838,
        -0.3006558625893269,
        718.9011295080647
      ],
      [
        0.9852813587679828,
        -0.051472458295363045,
        -0.16300684065814447,
        12.171692920895
      ],
      [
        -0.170940449096378,
        -0.29621704993705306,
        -0.9396993254170813,
        195.44452849457863
      ],
      [
        0.0,
        0.0,
        0.0,
        1.0
      ]
    ],
    "RX": 21.357,
    "RY": -627.119,
    "RZ": 401.785,
    "RA": 89.995,
    "RB": 17.497,
    "RC": 189.841
  },
  "009": {
    "W2C": [
      [
        -8.04730929393653e-05,
        0.9221537156200267,
        -0.3868236268537127,
        695.16764586335
      ],
      [
        0.8306730027200554,
        -0.21530650957930475,
        -0.5134447092772733,
        -118.42502752208301
      ],
      [
        -0.5567605913461621,
        -0.3213652621254446,
        -0.7659908695427878,
        157.29486939567278
      ],
      [
        0.0,
        0.0,
        0.0,
        1.0
      ]
    ],
    "RX": 186.004,
    "RY": -616.0,
    "RZ": 328.589,
    "RA": 90.005,
    "RB": 22.757,
    "RC": 213.834
  },
  "010": {
    "W2C": [
      [
        5.6472878134666786e-05,
        0.8089143922026879,
        -0.587926443441839,
        610.3281196775123
      ],
      [
        0.9469730278327173,
        -0.18895170350039617,
        -0.2598833167050819,
        -92.89167562930442
      ],
      [
        -0.3213130581973748,
        -0.5567358079301656,
        -0.7660307818881668,
        -7.464509407330185
      ],
      [
        0.0,
        0.0,
        0.0,
        1.0
      ]
    ],
    "RX": 85.533,
    "RY": -515.411,
    "RZ": 328.969,
    "RA": 89.996,
    "RB": 36.01,
    "RC": 198.74
  },
  "016": {
    "W2C": [
      [
        1.3194524755088032e-05,
        0.7559905810691302,
        -0.6545824937780289,
        570.5402874941785
      ],
      [
        0.6614996534211811,
        -0.4909077746167084,
        -0.5669459986140907,
        -333.65423031472733
      ],
      [
        -0.7499454702507125,
        -0.432998612186725,
        -0.5000939846616915,
        63.9344754975518
      ],
      [
        0.0,
        0.0,
        0.0,
        1.0
      ]
    ],
    "RX": 268.652,
    "RY": -567.433,
    "RZ": 216.275,
    "RA": 89.999,
    "RB": 40.888,
    "RC": 228.585
  }
}