{
  "generated_poses": [
    [
      -50.0,
      -540.0,
      540.0,
      -90.0,
      0.0,
      180.0
    ],
    [
      121.01007166283435,
      -540.0,
      509.8463103929542,
      -90.0,
      0.0,
      160.0
    ],
    [
      115.18304477467606,
      -495.7393365493116,
      509.8463103929542,
      -90.0,
      174.61847964411524,
      19.290997135970912
    ],
    [
      98.09906636301193,
      -454.49496416858284,
      509.8463103929542,
      -90.0,
      169.68589518438182,
      17.229396562958893
    ],
    [
      70.92238132398762,
      -419.0776186760124,
      509.8463103929542,
      -90.0,
      165.56724495673262,
      13.995445358891418
    ],
    [
      35.50503583141719,
      -391.9009336369881,
      509.8463103929542,
      -90.0,
      162.50475924300025,
      9.846551939834079
    ],
    [
      -5.739336549311574,
      -374.8169552253239,
      509.8463103929542,
      -90.0,
      160.62994479145988,
      5.0785458159693935
    ],
    [
      -49.99999999999999,
      -368.9899283371657,
      509.8463103929542,
      -90.0,
      160.00000000000003,
      2.014149958434386e-15
    ],
    [
      -94.26066345068844,
      -374.8169552253239,
      509.8463103929542,
      -90.0,
      160.62994479145988,
      -5.0785458159693935
    ],
    [
      -135.50503583141713,
      -391.90093363698804,
      509.8463103929542,
      -90.0,
      162.50475924300025,
      -9.84655193983407
    ],
    [
      -170.92238132398762,
      -419.0776186760124,
      509.8463103929542,
      -90.0,
      165.56724495673262,
      -13.995445358891415
    ],
    [
      -198.09906636301193,
      -454.49496416858284,
      509.8463103929542,
      -90.0,
      169.6858951843818,
      -17.229396562958897
    ],
    [
      -215.18304477467603,
      -495.73933654931153,
      509.8463103929542,
      -90.0,
      174.6184796441152,
      -19.290997135970905
    ],
    [
      -221.01007166283435,
      -540.0,
      509.8463103929542,
      -90.0,
      0.0,
      -160.0
    ],
    [
      -215.18304477467606,
      -584.2606634506884,
      509.8463103929542,
      -90.0,
      -174.61847964411524,
      -19.290997135970912
    ],
    [
      -198.0990663630119,
      -625.5050358314172,
      509.8463103929542,
      -90.0,
      -169.6858951843818,
      -17.229396562958893
    ],
    [
      -170.92238132398765,
      -660.9223813239876,
      509.8463103929542,
      -90.0,
      -165.56724495673262,
      -13.995445358891422
    ],
    [
      -135.50503583141725,
      -688.0990663630118,
      509.8463103929542,
      -90.0,
      -162.50475924300025,
      -9.846551939834086
    ],
    [
      -94.26066345068841,
      -705.1830447746761,
      509.8463103929542,
      -90.0,
      -160.62994479145988,
      -5.078545815969392
    ],
    [
      -50.00000000000003,
      -711.0100716628343,
      509.8463103929542,
      -90.0,
      -160.00000000000003,
      -4.4568159537983665e-15
    ],
    [
      -5.739336549311652,
      -705.1830447746761,
      509.8463103929542,
      -90.0,
      -160.62994479145988,
      5.078545815969382
    ],
    [
      35.50503583141719,
      -688.0990663630118,
      509.8463103929542,
      -90.0,
      -162.50475924300025,
      9.846551939834077
    ],
    [
      70.9223813239876,
      -660.9223813239877,
      509.8463103929542,
      -90.0,
      -165.56724495673262,
      13.995445358891411
    ],
    [
      98.09906636301187,
      -625.5050358314172,
      509.8463103929542,
      -90.0,
      -169.6858951843818,
      17.229396562958893
    ],
    [
      115.18304477467606,
      -584.2606634506884,
      509.8463103929542,
      -90.0,
      -174.61847964411524,
      19.290997135970912
    ],
    [
      271.3938048432696,
      -540.0,
      423.022221559489,
      -90.0,
      0.0,
      140.00000000000003
    ],
    [
      260.44257650742276,
      -456.81716232859907,
      423.022221559489,
      -90.0,
      167.7470627632349,
      38.380801886135025
    ],
    [
      228.33519961320968,
      -379.3030975783652,
      423.022221559489,
      -90.0,
      157.2395237253834,
      33.82584497056972
    ],
    [
      177.25973883602182,
      -312.74026116397823,
      423.022221559489,
      -90.0,
      149.3179438235666,
      27.034020839824866
    ],
    [
      110.69690242163483,
      -261.6648003867904,
      423.022221559489,
      -90.0,
      143.99478518121347,
      18.747237251037504
    ],
    [
      33.18283767140095,
      -229.55742349257724,
      423.022221559489,
      -90.0,
      140.97495647538838,
      9.576578515569942
    ],
    [
      -49.99999999999998,
      -218.6061951567304,
      423.022221559489,
      -90.0,
      140.00000000000003,
      4.6977928942992545e-15
    ],
    [
      -133.182837671401,
      -229.55742349257724,
      423.022221559489,
      -90.0,
      140.97495647538838,
      -9.57657851556994
    ],
    [
      -210.69690242163472,
      -261.6648003867903,
      423.022221559489,
      -90.0,
      143.99478518121347,
      -18.747237251037493
    ],
    [
      -277.25973883602177,
      -312.7402611639782,
      423.022221559489,
      -90.0,
      149.31794382356657,
      -27.03402083982485
    ],
    [
      -328.3351996132097,
      -379.3030975783652,
      423.022221559489,
      -90.0,
      157.23952372538338,
      -33.82584497056972
    ],
    [
      -360.4425765074227,
      -456.81716232859895,
      423.022221559489,
      -90.0,
      167.74706276323488,
      -38.380801886135
    ],
    [
      -371.3938048432696,
      -540.0,
      423.022221559489,
      -90.0,
      0.0,
      -140.00000000000003
    ],
    [
      -360.44257650742276,
      -623.182837671401,
      423.022221559489,
      -90.0,
      -167.7470627632349,
      -38.38080188613501
    ],
    [
      -328.3351996132096,
      -700.6969024216348,
      423.022221559489,
      -90.0,
      -157.23952372538338,
      -33.82584497056971
    ],
    [
      -277.2597388360218,
      -767.2597388360218,
      423.022221559489,
      -90.0,
      -149.31794382356657,
      -27.034020839824855
    ],
    [
      -210.69690242163495,
      -818.3351996132096,
      423.022221559489,
      -90.0,
      -143.9947851812135,
      -18.747237251037514
    ],
    [
      -133.1828376714009,
      -850.4425765074227,
      423.022221559489,
      -90.0,
      -140.97495647538838,
      -9.576578515569937
    ],
    [
      -50.00000000000006,
      -861.3938048432697,
      423.022221559489,
      -90.0,
      -140.0,
      -8.768902886572556e-15
    ],
    [
      33.182837671400804,
      -850.4425765074228,
      423.022221559489,
      -90.0,
      -140.97495647538838,
      9.576578515569919
    ],
    [
      110.69690242163483,
      -818.3351996132096,
      423.022221559489,
      -90.0,
      -143.99478518121347,
      18.747237251037504
    ],
    [
      177.25973883602174,
      -767.2597388360218,
      423.022221559489,
      -90.0,
      -149.31794382356657,
      27.03402083982485
    ],
    [
      228.33519961320957,
      -700.696902421635,
      423.022221559489,
      -90.0,
      -157.23952372538335,
      33.82584497056971
    ],
    [
      260.44257650742276,
      -623.1828376714009,
      423.022221559489,
      -90.0,
      -167.7470627632349,
      38.380801886135025
    ],
    [
      383.0127018922193,
      -540.0,
      290.00000000000006,
      -90.0,
      0.0,
      120.00000000000001
    ],
    [
      368.25815186890395,
      -427.92806597899335,
      290.00000000000006,
      -90.0,
      155.85389154869512,
      56.77405779671242
    ],
    [
      325.0,
      -323.4936490538904,
      290.00000000000006,
      -90.0,
      139.1066053508691,
      48.590377890729144
    ],
    [
      256.18621784789724,
      -233.81378215210276,
      290.00000000000006,
      -90.0,
      129.23152048359228,
      37.76124390703504
    ],
    [
      -356.18621784789724,
      -233.81378215210276,
      290.00000000000006,
      -90.0,
      129.23152048359228,
      -37.76124390703503
    ],
    [
      -425.0,
      -323.4936490538904,
      290.00000000000006,
      -90.0,
      139.1066053508691,
      -48.59037789072914
    ],
    [
      -468.2581518689039,
      -427.92806597899323,
      290.00000000000006,
      -90.0,
      155.8538915486951,
      -56.77405779671241
    ],
    [
      -483.0127018922193,
      -540.0,
      290.00000000000006,
      -90.0,
      0.0,
      -120.00000000000001
    ],
    [
      -468.25815186890395,
      -652.0719340210067,
      290.00000000000006,
      -90.0,
      -155.85389154869512,
      -56.77405779671242
    ],
    [
      -424.99999999999994,
      -756.5063509461097,
      290.00000000000006,
      -90.0,
      -139.1066053508691,
      -48.59037789072913
    ],
    [
      -356.1862178478973,
      -846.1862178478973,
      290.00000000000006,
      -90.0,
      -129.23152048359228,
      -37.76124390703504
    ],
    [
      -266.5063509461098,
      -914.9999999999999,
      290.00000000000006,
      -90.0,
      -123.6900675259798,
      -25.658906273255305
    ],
    [
      -162.07193402100663,
      -958.258151868904,
      290.00000000000006,
      -90.0,
      -120.86747779067439,
      -12.952539642222353
    ],
    [
      -50.00000000000008,
      -973.0127018922193,
      290.00000000000006,
      -90.0,
      -120.00000000000001,
      -1.240928463321431e-14
    ],
    [
      62.071934021006484,
      -958.258151868904,
      290.00000000000006,
      -90.0,
      -120.86747779067439,
      12.952539642222334
    ],
    [
      166.5063509461097,
      -915.0,
      290.00000000000006,
      -90.0,
      -123.6900675259798,
      25.658906273255283
    ],
    [
      256.1862178478972,
      -846.1862178478973,
      290.00000000000006,
      -90.0,
      -129.23152048359225,
      37.76124390703502
    ],
    [
      324.9999999999999,
      -756.5063509461098,
      290.00000000000006,
      -90.0,
      -139.10660535086907,
      48.59037789072911
    ],
    [
      368.25815186890395,
      -652.0719340210067,
      290.00000000000006,
      -90.0,
      -155.85389154869512,
      56.77405779671241
    ]
  ],
  "000": {
    "W2C": [
      [
        1.7453292515947676e-05,
        -0.9999999996953826,
        1.7453292519034586e-05,
        -536.4222904434031
      ],
      [
        -0.9999999960400002,
        -1.745176936505207e-05,
        8.726646247533597e-05,
        -48.50104238034305
      ],
      [
        -8.726615785791739e-05,
        -1.7454815537015967e-05,
        -0.9999999960399735,
        466.1584069964559
      ],
      [
        0.0,
        0.0,
        0.0,
        1.0
      ]
    ],
    "RX": -48.451,
    "RY": -536.415,
    "RZ": 466.172,
    "RA": 270.001,
    "RB": 359.999,
    "RC": 179.995
  },
  "reached_poses": [
    0,
    1,
    2,
    3,
    4,
    5,
    6,
    22,
    23,
    24,
    26,
    27,
    48,
    50,
    51
  ],
  "001": {
    "W2C": [
      [
        1.7453292515947676e-05,
        -0.9999999996953826,
        -1.7453292519057205e-05,
        -536.4140186630638
      ],
      [
        -0.9396508278823656,
        -2.2371382059296763e-05,
        0.3421349458320593,
        -59.16619870540455
      ],
      [
        -0.3421349461182932,
        1.0428619475270355e-05,
        -0.9396508279865858,
        446.64307794087097
      ],
      [
        0.0,
        0.0,
        0.0,
        1.0
      ]
    ],
    "RX": 97.226,
    "RY": -536.42,
    "RZ": 439.922,
    "RA": 270.001,
    "RB": 0.001,
    "RC": 159.993
  },
  "002": {
    "W2C": [
      [
        -3.475287005378305e-05,
        0.9955963896240491,
        -0.09374341448761472,
        544.9368079671777
      ],
      [
        0.9438885278505883,
        -0.0309274360091506,
        -0.3288129265919285,
        45.11947208318957
      ],
      [
        -0.33026420602948653,
        -0.08849476068931203,
        -0.9397309357184396,
        399.4099619507223
      ],
      [
        0.0,
        0.0,
        0.0,
        1.0
      ]
    ],
    "RX": 89.342,
    "RY": -505.796,
    "RZ": 441.258,
    "RA": 90.002,
    "RB": 5.379,
    "RC": 199.285
  },
  "003": {
    "W2C": [
      [
        8.585580610684205e-05,
        0.9838350648275155,
        -0.179076960675065,
        542.0247037616392
      ],
      [
        0.955098083602035,
        -0.053139351752725446,
        -0.2914856085555859,
        32.33032960875421
      ],
      [
        -0.296289796193694,
        -0.17101103622614044,
        -0.9396635473191247,
        356.5670272031564
      ],
      [
        0.0,
        0.0,
        0.0,
        1.0
      ]
    ],
    "RX": 74.722,
    "RY": -470.568,
    "RZ": 441.541,
    "RA": 89.995,
    "RB": 10.316,
    "RC": 197.234
  },
  "004": {
    "W2C": [
      [
        1.690238658469195e-05,
        0.9684354149026418,
        -0.24926461216277235,
        536.5168870783606
      ],
      [
        0.9703368829440658,
        -0.06027728954373955,
        -0.2341217246725605,
        26.83021128439799
      ],
      [
        -0.24175676477133654,
        -0.24186668957838778,
        -0.939709620659323,
        321.03512005414643
      ],
      [
        0.0,
        0.0,
        0.0,
        1.0
      ]
    ],
    "RX": 51.569,
    "RY": -440.317,
    "RZ": 441.696,
    "RA": 89.999,
    "RB": 14.434,
    "RC": 193.99
  },
  "005": {
    "W2C": [
      [
        1.6645592519492615e-05,
        0.9537221987639882,
        -0.3006891539575512,
        530.6488767080511
      ],
      [
        0.9852849497230854,
        -0.05140936253574482,
        -0.16300504683243822,
        29.519272643072245
      ],
      [
        -0.17091976940103001,
        -0.2962617846237548,
        -0.9396889843982672,
        295.2187930266423
      ],
      [
        0.0,
        0.0,
        0.0,
        1.0
      ]
    ],
    "RX": 21.365,
    "RY": -417.112,
    "RZ": 441.786,
    "RA": 89.999,
    "RB": 17.499,
    "RC": 189.841
  },
  "006": {
    "W2C": [
      [
        8.232788099053683e-05,
        0.9434080210095906,
        -0.3316342851951342,
        526.2457934295148
      ],
      [
        0.9960787384470019,
        -0.029417422867499276,
        -0.08343717424304381,
        38.77639581714015
      ],
      [
        -0.0884711254362085,
        -0.3303269912171913,
        -0.9397110932821046,
        280.9240642703519
      ],
      [
        0.0,
        0.0,
        0.0,
        1.0
      ]
    ],
    "RX": -13.814,
    "RY": -402.527,
    "RZ": 441.744,
    "RA": 89.995,
    "RB": 19.368,
    "RC": 185.074
  },
  "022": {
    "W2C": [
      [
        1.6901399055172654e-05,
        0.9683788336289596,
        0.24948433677038476,
        516.42331510891
      ],
      [
        0.9702798881302902,
        0.060355688881713256,
        -0.23433763997592294,
        92.03400037046268
      ],
      [
        -0.24198540948622116,
        0.24207359500579548,
        -0.9395974862656646,
        582.2849739549642
      ],
      [
        0.0,
        0.0,
        0.0,
        1.0
      ]
    ],
    "RX": 51.597,
    "RY": -646.604,
    "RZ": 439.841,
    "RA": 89.999,
    "RB": 345.553,
    "RC": 194.004
  },
  "023": {
    "W2C": [
      [
        -6.868595373941706e-05,
        0.9838538136770454,
        0.1789739327258954,
        527.7264302829941
      ],
      [
        0.9550990130442342,
        0.053092157546063924,
        -0.2914911629690232,
        89.64830023802655
      ],
      [
        -0.2962868045731526,
        0.17091780515861274,
        -0.939681453108229,
        541.2585144191273
      ],
      [
        0.0,
        0.0,
        0.0,
        1.0
      ]
    ],
    "RX": 74.781,
    "RY": -616.476,
    "RZ": 440.293,
    "RA": 90.004,
    "RB": 349.69,
    "RC": 197.234
  },
  "024": {
    "W2C": [
      [
        -3.4753383630817615e-05,
        0.9956111025224152,
        0.09358702541647014,
        537.562898340854
      ],
      [
        0.9438344778167667,
        0.030955555122445154,
        -0.3289653964954564,
        78.59656729383315
      ],
      [
        -0.3304186394205902,
        0.08831922860375288,
        -0.9396931608681016,
        494.97046597348265
      ],
      [
        0.0,
        0.0,
        0.0,
        1.0
      ]
    ],
    "RX": 89.384,
    "RY": -581.352,
    "RZ": 440.667,
    "RA": 90.002,
    "RB": 354.63,
    "RC": 199.294
  },
  "026": {
    "W2C": [
      [
        -0.00017056352577896227,
        0.9772570066777876,
        -0.2120582792707097,
        539.717358976383
      ],
      [
        0.7837597951442768,
        -0.13157113709359,
        -0.6069675604176065,
        -5.9814048426102495
      ],
      [
        -0.6210640501779865,
        -0.1663062800469976,
        -0.7659123101200588,
        335.8896062498318
      ],
      [
        0.0,
        0.0,
        0.0,
        1.0
      ]
    ],
    "RX": 213.389,
    "RY": -472.369,
    "RZ": 368.083,
    "RA": 90.01,
    "RB": 12.243,
    "RC": 218.396
  },
  "027": {
    "W2C": [
      [
        -8.046484221208797e-05,
        0.9220591692499432,
        -0.38704893996433226,
        517.085290146021
      ],
      [
        0.8308090311412726,
        -0.21535338484931685,
        -0.5132049039204926,
        -52.76741020867951
      ],
      [
        -0.5565575866875855,
        -0.3216050497676398,
        -0.7660377566833403,
        255.35318404021172
      ],
      [
        0.0,
        0.0,
        0.0,
        1.0
      ]
    ],
    "RX": 186.0,
    "RY": -406.024,
    "RZ": 368.667,
    "RA": 90.005,
    "RB": 22.771,
    "RC": 213.82
  },
  "048": {
    "W2C": [
      [
        6.82215324659252e-05,
        0.9772014689637556,
        0.2123141172906326,
        522.7517362370343
      ],
      [
        0.7838327355323821,
        0.13178886978845256,
        -0.606826117193142,
        136.26983841282174
      ],
      [
        -0.620972010684576,
        0.16646015395571484,
        -0.7659535097454637,
        515.5971889703331
      ],
      [
        0.0,
        0.0,
        0.0,
        1.0
      ]
    ],
    "RX": 213.323,
    "RY": -614.619,
    "RZ": 366.628,
    "RA": 89.996,
    "RB": 347.742,
    "RC": 218.388
  },
  "050": {
    "W2C": [
      [
        -0.0002070442941107754,
        0.9125203093256685,
        -0.4090313462325918,
        512.7174922824281
      ],
      [
        0.5478160952190575,
        -0.34209163110798085,
        -0.7634597839734755,
        -125.23252893318642
      ],
      [
        -0.8365987586361846,
        -0.22423202490738744,
        -0.4998224845425902,
        283.2295019902004
      ],
      [
        0.0,
        0.0,
        0.0,
        1.0
      ]
    ],
    "RX": 305.66,
    "RY": -447.197,
    "RZ": 255.672,
    "RA": 90.013,
    "RB": 24.144,
    "RC": 236.788
  },
  "051": {
    "W2C": [
      [
        -9.234910989547344e-05,
        0.7558877446390699,
        -0.6547012364247544,
        437.9969002689897
      ],
      [
        0.6615420251808036,
        -0.4909195772688063,
        -0.5668863356740022,
        -207.87606440534697
      ],
      [
        -0.7499080879623337,
        -0.43316473328131955,
        -0.5000061734118894,
        174.78781846313208
      ],
      [
        0.0,
        0.0,
        0.0,
        1.0
      ]
    ],
    "RX": 268.634,
    "RY": -357.415,
    "RZ": 256.31,
    "RA": 90.007,
    "RB": 40.897,
    "RC": 228.587
  }
}