{
  "generated_poses": [
    [
      -50.0,
      -540.0,
      540.0,
      0.0,
      0.0,
      180.0
    ],
    [
      121.01007166283435,
      -540.0,
      509.8463103929542,
      0.0,
      -160.0,
      0.0
    ],
    [
      115.18304477467606,
      -495.7393365493116,
      509.8463103929542,
      0.0,
      -160.62994479145988,
      5.078545815969391
    ],
    [
      98.09906636301193,
      -454.49496416858284,
      509.8463103929542,
      0.0,
      -162.50475924300025,
      9.846551939834075
    ],
    [
      70.92238132398762,
      -419.0776186760124,
      509.8463103929542,
      0.0,
      -165.56724495673262,
      13.995445358891416
    ],
    [
      35.50503583141719,
      -391.9009336369881,
      509.8463103929542,
      0.0,
      -169.6858951843818,
      17.229396562958893
    ],
    [
      -5.739336549311574,
      -374.8169552253239,
      509.8463103929542,
      0.0,
      -174.61847964411524,
      19.290997135970915
    ],
    [
      -49.99999999999999,
      -368.9899283371657,
      509.8463103929542,
      0.0,
      0.0,
      160.00000000000003
    ],
    [
      -94.26066345068844,
      -374.8169552253239,
      509.8463103929542,
      0.0,
      174.61847964411524,
      19.290997135970915
    ],
    [
      -135.50503583141713,
      -391.90093363698804,
      509.8463103929542,
      0.0,
      169.68589518438182,
      17.229396562958897
    ],
    [
      -170.92238132398762,
      -419.0776186760124,
      509.8463103929542,
      0.0,
      165.56724495673262,
      13.995445358891416
    ],
    [
      -198.09906636301193,
      -454.49496416858284,
      509.8463103929542,
      0.0,
      162.50475924300025,
      9.846551939834075
    ],
    [
      -215.18304477467603,
      -495.73933654931153,
      509.8463103929542,
      0.0,
      160.62994479145988,
      5.078545815969398
    ],
    [
      -221.01007166283435,
      -540.0,
      509.8463103929542,
      0.0,
      160.0,
      0.0
    ],
    [
      -215.18304477467606,
      -584.2606634506884,
      509.8463103929542,
      0.0,
      160.62994479145988,
      -5.078545815969391
    ],
    [
      -198.0990663630119,
      -625.5050358314172,
      509.8463103929542,
      0.0,
      162.50475924300025,
      -9.846551939834082
    ],
    [
      -170.92238132398765,
      -660.9223813239876,
      509.8463103929542,
      0.0,
      165.56724495673262,
      -13.99544535889141
    ],
    [
      -135.50503583141725,
      -688.0990663630118,
      509.8463103929542,
      0.0,
      169.6858951843818,
      -17.22939656295889
    ],
    [
      -94.26066345068841,
      -705.1830447746761,
      509.8463103929542,
      0.0,
      174.61847964411524,
      -19.290997135970915
    ],
    [
      -50.00000000000003,
      -711.0100716628343,
      509.8463103929542,
      0.0,
      0.0,
      -160.00000000000003
    ],
    [
      -5.739336549311652,
      -705.1830447746761,
      509.8463103929542,
      0.0,
      -174.61847964411524,
      -19.290997135970915
    ],
    [
      35.50503583141719,
      -688.0990663630118,
      509.8463103929542,
      0.0,
      -169.6858951843818,
      -17.22939656295889
    ],
    [
      70.9223813239876,
      -660.9223813239877,
      509.8463103929542,
      0.0,
      -165.56724495673262,
      -13.995445358891422
    ],
    [
      98.09906636301187,
      -625.5050358314172,
      509.8463103929542,
      0.0,
      -162.50475924300025,
      -9.846551939834082
    ],
    [
      115.18304477467606,
      -584.2606634506884,
      509.8463103929542,
      0.0,
      -160.62994479145988,
      -5.078545815969391
    ],
    [
      271.3938048432696,
      -540.0,
      423.022221559489,
      0.0,
      -140.00000000000003,
      0.0
    ],
    [
      260.44257650742276,
      -456.81716232859907,
      423.022221559489,
      0.0,
      -140.97495647538838,
      9.576578515569937
    ],
    [
      228.33519961320968,
      -379.3030975783652,
      423.022221559489,
      0.0,
      -143.99478518121347,
      18.747237251037497
    ],
    [
      177.25973883602182,
      -312.74026116397823,
      423.022221559489,
      0.0,
      -149.31794382356657,
      27.034020839824855
    ],
    [
      110.69690242163483,
      -261.6648003867904,
      423.022221559489,
      0.0,
      -157.23952372538338,
      33.82584497056971
    ],
    [
      33.18283767140095,
      -229.55742349257724,
      423.022221559489,
      0.0,
      -167.7470627632349,
      38.380801886135025
    ],
    [
      -49.99999999999998,
      -218.6061951567304,
      423.022221559489,
      0.0,
      0.0,
      140.00000000000003
    ],
    [
      -133.182837671401,
      -229.55742349257724,
      423.022221559489,
      0.0,
      167.7470627632349,
      38.38080188613501
    ],
    [
      -210.69690242163472,
      -261.6648003867903,
      423.022221559489,
      0.0,
      157.2395237253834,
      33.825844970569726
    ],
    [
      -277.25973883602177,
      -312.7402611639782,
      423.022221559489,
      0.0,
      149.3179438235666,
      27.034020839824862
    ],
    [
      -328.3351996132097,
      -379.3030975783652,
      423.022221559489,
      0.0,
      143.99478518121347,
      18.747237251037497
    ],
    [
      -360.4425765074227,
      -456.81716232859895,
      423.022221559489,
      0.0,
      140.97495647538838,
      9.576578515569949
    ],
    [
      -371.3938048432696,
      -540.0,
      423.022221559489,
      0.0,
      140.00000000000003,
      0.0
    ],
    [
      -360.44257650742276,
      -623.182837671401,
      423.022221559489,
      0.0,
      140.97495647538838,
      -9.576578515569942
    ],
    [
      -328.3351996132096,
      -700.6969024216348,
      423.022221559489,
      0.0,
      143.99478518121347,
      -18.747237251037504
    ],
    [
      -277.2597388360218,
      -767.2597388360218,
      423.022221559489,
      0.0,
      149.31794382356657,
      -27.034020839824855
    ],
    [
      -210.69690242163495,
      -818.3351996132096,
      423.022221559489,
      0.0,
      157.23952372538338,
      -33.825844970569705
    ],
    [
      -133.1828376714009,
      -850.4425765074227,
      423.022221559489,
      0.0,
      167.7470627632349,
      -38.38080188613501
    ],
    [
      -50.00000000000006,
      -861.3938048432697,
      423.022221559489,
      0.0,
      0.0,
      -140.0
    ],
    [
      33.182837671400804,
      -850.4425765074228,
      423.022221559489,
      0.0,
      -167.74706276323494,
      -38.380801886135025
    ],
    [
      110.69690242163483,
      -818.3351996132096,
      423.022221559489,
      0.0,
      -157.23952372538338,
      -33.82584497056971
    ],
    [
      177.25973883602174,
      -767.2597388360218,
      423.022221559489,
      0.0,
      -149.3179438235666,
      -27.034020839824862
    ],
    [
      228.33519961320957,
      -700.696902421635,
      423.022221559489,
      0.0,
      -143.9947851812135,
      -18.747237251037518
    ],
    [
      260.44257650742276,
      -623.1828376714009,
      423.022221559489,
      0.0,
      -140.97495647538838,
      -9.576578515569931
    ],
    [
      383.0127018922193,
      -540.0,
      290.00000000000006,
      0.0,
      -120.00000000000001,
      3.1805546814635168e-15
    ],
    [
      368.25815186890395,
      -427.92806597899335,
      290.00000000000006,
      0.0,
      -120.86747779067439,
      12.952539642222357
    ],
    [
      325.0,
      -323.4936490538904,
      290.00000000000006,
      0.0,
      -123.6900675259798,
      25.658906273255273
    ],
    [
      256.18621784789724,
      -233.81378215210276,
      290.00000000000006,
      0.0,
      -129.23152048359228,
      37.76124390703504
    ],
    [
      -356.18621784789724,
      -233.81378215210276,
      290.00000000000006,
      0.0,
      129.23152048359228,
      37.76124390703504
    ],
    [
      -425.0,
      -323.4936490538904,
      290.00000000000006,
      0.0,
      123.6900675259798,
      25.658906273255273
    ],
    [
      -468.2581518689039,
      -427.92806597899323,
      290.00000000000006,
      0.0,
      120.86747779067439,
      12.95253964222237
    ],
    [
      -483.0127018922193,
      -540.0,
      290.00000000000006,
      0.0,
      120.00000000000001,
      3.1805546814635168e-15
    ],
    [
      -468.25815186890395,
      -652.0719340210067,
      290.00000000000006,
      0.0,
      120.86747779067439,
      -12.952539642222357
    ],
    [
      -424.99999999999994,
      -756.5063509461097,
      290.00000000000006,
      0.0,
      123.6900675259798,
      -25.65890627325529
    ],
    [
      -356.1862178478973,
      -846.1862178478973,
      290.00000000000006,
      0.0,
      129.23152048359228,
      -37.76124390703504
    ],
    [
      -266.5063509461098,
      -914.9999999999999,
      290.00000000000006,
      0.0,
      139.10660535086907,
      -48.59037789072911
    ],
    [
      -162.07193402100663,
      -958.258151868904,
      290.00000000000006,
      0.0,
      155.85389154869512,
      -56.77405779671241
    ],
    [
      -50.00000000000008,
      -973.0127018922193,
      290.00000000000006,
      0.0,
      0.0,
      -120.00000000000001
    ],
    [
      62.071934021006484,
      -958.258151868904,
      290.00000000000006,
      0.0,
      -155.85389154869515,
      -56.77405779671242
    ],
    [
      166.5063509461097,
      -915.0,
      290.00000000000006,
      0.0,
      -139.1066053508691,
      -48.59037789072913
    ],
    [
      256.1862178478972,
      -846.1862178478973,
      290.00000000000006,
      0.0,
      -129.23152048359228,
      -37.76124390703504
    ],
    [
      324.9999999999999,
      -756.5063509461098,
      290.00000000000006,
      0.0,
      -123.6900675259798,
      -25.6589062732553
    ],
    [
      368.25815186890395,
      -652.0719340210067,
      290.00000000000006,
      0.0,
      -120.86747779067439,
      -12.952539642222357
    ]
  ],
  "000": {
    "W2C": [
      [
        0.9999999951261213,
        -6.981316985299551e-05,
        6.981317002312598e-05,
        53.529862914972355
      ],
      [
        -6.981438848216796e-05,
        -0.9999999974106668,
        1.7453292476823597e-05,
        -538.4548772597939
      ],
      [
        6.981195137268423e-05,
        -1.745816635553153e-05,
        -0.9999999974107519,
        466.1873404860372
      ],
      [
        0.0,
        0.0,
        0.0,
        1.0
      ]
    ],
    "RX": -53.6,
    "RY": -538.443,
    "RZ": 466.193,
    "RA": 359.996,
    "RB": 359.996,
    "RC": 179.999
  },
  "reached_poses": [
    0,
    1,
    2,
    3,
    4,
    5,
    6,
    7,
    21,
    22,
    23,
    24,
    25,
    26,
    27,
    36,
    37,
    48,
    49,
    50,
    51
  ],
  "001": {
    "W2C": [
      [
        -0.9397105276306172,
        1.1508280388671739e-16,
        0.34197094066628975,
        -57.00818237867189
      ],
      [
        4.177963192157831e-05,
        0.9999999925368732,
        0.00011480729877406926,
        541.4754295574515
      ],
      [
        -0.34197093811411733,
        0.00012217304733574,
        -0.9397105206174384,
        446.698227132651
      ],
      [
        0.0,
        0.0,
        0.0,
        1.0
      ]
    ],
    "RX": 99.164,
    "RY": -541.53,
    "RZ": 439.2,
    "RA": 180.0,
    "RB": 340.003,
    "RC": 179.993
  },
  "002": {
    "W2C": [
      [
        -0.9433732837274227,
        -0.00011525478970798784,
        0.33173307683388076,
        -56.91045143513218
      ],
      [
        -0.029507065286457874,
        0.9960653456903303,
        -0.08356530507922205,
        541.3171321718689
      ],
      [
        -0.3304181905517925,
        -0.08862174581408443,
        -0.9396648368015819,
        399.3579144923422
      ],
      [
        0.0,
        0.0,
        0.0,
        1.0
      ]
    ],
    "RX": 94.24,
    "RY": -503.802,
    "RZ": 439.377,
    "RA": 180.007,
    "RB": 340.626,
    "RC": 185.082
  },
  "003": {
    "W2C": [
      [
        -0.9537379298829141,
        0.0001498128049301866,
        0.30063921676783495,
        -56.1121304541964
      ],
      [
        -0.05131675673041446,
        0.9852431650568191,
        -0.16328654625379585,
        537.6030076815562
      ],
      [
        -0.2962271958840464,
        -0.17116040215232328,
        -0.9396560887653149,
        356.5210279319242
      ],
      [
        0.0,
        0.0,
        0.0,
        1.0
      ]
    ],
    "RX": 79.683,
    "RY": -468.639,
    "RZ": 439.66,
    "RA": 179.991,
    "RB": 342.504,
    "RC": 189.858
  },
  "004": {
    "W2C": [
      [
        -0.9684658610923417,
        1.6902917971224068e-05,
        0.24914629359667495,
        -54.76503392499295
      ],
      [
        -0.06024013129705238,
        0.9703136647822946,
        -0.23422749308752527,
        531.8352027126892
      ],
      [
        -0.24175401233481747,
        -0.24184993622294837,
        -0.9397146406590527,
        321.0422137301373
      ],
      [
        0.0,
        0.0,
        0.0,
        1.0
      ]
    ],
    "RX": 56.613,
    "RY": -438.402,
    "RZ": 439.903,
    "RA": 179.999,
    "RB": 345.573,
    "RC": 193.996
  },
  "005": {
    "W2C": [
      [
        -0.9838569396091892,
        1.230372727742627e-16,
        0.17895676121018841,
        -52.73327305605583
      ],
      [
        -0.05301740827699369,
        0.955107888075066,
        -0.29147568776208016,
        526.3034430707717
      ],
      [
        -0.170923014256217,
        -0.29625820180509277,
        -0.9396895237581305,
        295.23088125507206
      ],
      [
        0.0,
        0.0,
        0.0,
        1.0
      ]
    ],
    "RX": 26.483,
    "RY": -415.212,
    "RZ": 440.267,
    "RA": 180.0,
    "RB": 349.691,
    "RC": 197.233
  },
  "006": {
    "W2C": [
      [
        -0.9955980260585596,
        1.737646358313935e-05,
        0.09372603803830659,
        -49.920074359450815
      ],
      [
        -0.03094897982976427,
        0.9438476312035159,
        -0.3289282744292574,
        522.7842012786163
      ],
      [
        -0.08846881459472838,
        -0.3303810659973881,
        -0.9396923007424468,
        280.9203435823513
      ],
      [
        0.0,
        0.0,
        0.0,
        1.0
      ]
    ],
    "RX": -8.668,
    "RY": -400.617,
    "RZ": 440.616,
    "RA": 179.999,
    "RB": 354.622,
    "RC": 199.292
  },
  "007": {
    "W2C": [
      [
        0.999999989033773,
        -0.00010471975435360058,
        0.00010471975492779086,
        53.51778995239439
      ],
      [
        -0.00013422064634920116,
        -0.9396926118827965,
        0.3420201414503336,
        -519.6226783809547
      ],
      [
        6.258811482715949e-05,
        -0.3420201517552162,
        -0.939692615633467,
        279.0712388778434
      ],
      [
        0.0,
        0.0,
        0.0,
        1.0
      ]
    ],
    "RX": -53.605,
    "RY": -392.832,
    "RZ": 439.957,
    "RA": 359.994,
    "RB": 359.994,
    "RC": 160.0
  },
  "021": {
    "W2C": [
      [
        -0.9838569394593392,
        -1.7171542963941995e-05,
        0.17895676121018844,
        -52.7404649784887
      ],
      [
        0.05300968819773802,
        0.9550933000617229,
        0.29152488939091714,
        508.2265645056347
      ],
      [
        -0.17092540956475985,
        0.2963052275649993,
        -0.9396742608387084,
        615.157245756443
      ],
      [
        0.0,
        0.0,
        0.0,
        1.0
      ]
    ],
    "RX": 26.316,
    "RY": -667.679,
    "RZ": 439.325,
    "RA": 180.001,
    "RB": 349.691,
    "RC": 162.764
  },
  "022": {
    "W2C": [
      [
        -0.9684180105898764,
        1.6902082822407463e-05,
        0.24933222110161712,
        -54.79626181343407
      ],
      [
        0.06027252137169579,
        0.9703579762217736,
        0.2340355125836301,
        519.2343866061963
      ],
      [
        -0.24193755378742793,
        0.24167208712862057,
        -0.9397131596238568,
        582.2008626264313
      ],
      [
        0.0,
        0.0,
        0.0,
        1.0
      ]
    ],
    "RX": 56.495,
    "RY": -644.544,
    "RZ": 439.245,
    "RA": 179.999,
    "RB": 345.562,
    "RC": 166.015
  },
  "023": {
    "W2C": [
      [
        -0.9537117017156521,
        3.329081863301259e-05,
        0.3007224449593954,
        -56.13704602928406
      ],
      [
        0.05142707764072662,
        0.9852870351646912,
        0.16298685229707166,
        529.6549344411922
      ],
      [
        -0.2962925002357802,
        0.1709077447867538,
        -0.9396814870348018,
        541.2494849061776
      ],
      [
        0.0,
        0.0,
        0.0,
        1.0
      ]
    ],
    "RX": 79.591,
    "RY": -614.364,
    "RZ": 439.157,
    "RA": 179.998,
    "RB": 342.499,
    "RC": 170.16
  },
  "024": {
    "W2C": [
      [
        -0.943367500646142,
        -1.646486894431606e-05,
        0.3317495417533522,
        -56.86165392355866
      ],
      [
        0.029306004722584794,
        0.9960864429091485,
        0.08338438906533634,
        537.5863708707283
      ],
      [
        -0.3304525938948745,
        0.08838437634281095,
        -0.9396750955551826,
        494.9694694181826
      ],
      [
        0.0,
        0.0,
        0.0,
        1.0
      ]
    ],
    "RX": 94.168,
    "RY": -579.231,
    "RZ": 439.148,
    "RA": 180.001,
    "RB": 340.625,
    "RC": 174.929
  },
  "025": {
    "W2C": [
      [
        -0.7659995643447958,
        5.34768579534697e-05,
        0.6428410881110577,
        -60.381344755786095
      ],
      [
        2.49343957803275e-05,
        0.9999999982592506,
        -5.347685795328208e-05,
        541.5458184594038
      ],
      [
        -0.6428410898518068,
        -2.4934395779925105e-05,
        -0.7659995643447958,
        424.65485048285666
      ],
      [
        0.0,
        0.0,
        0.0,
        1.0
      ]
    ],
    "RX": 226.72,
    "RY": -541.532,
    "RZ": 364.13,
    "RA": 179.996,
    "RB": 319.996,
    "RC": 180.004
  },
  "026": {
    "W2C": [
      [
        -0.7768712946650294,
        7.137720488550365e-17,
        0.6296594250271181,
        -60.44510486040676
      ],
      [
        -0.10485580979188687,
        0.9860367569277205,
        -0.1293706811466612,
        533.9814761324922
      ],
      [
        -0.6208673374227127,
        -0.16652781745841572,
        -0.7660236519417452,
        335.85597793068877
      ],
      [
        0.0,
        0.0,
        0.0,
        1.0
      ]
    ],
    "RX": 217.555,
    "RY": -470.596,
    "RZ": 364.415,
    "RA": 180.0,
    "RB": 320.975,
    "RC": 189.586
  },
  "027": {
    "W2C": [
      [
        -0.8089964761829586,
        1.4119652148129591e-05,
        0.5878134919548814,
        -60.34131584866894
      ],
      [
        -0.1890173594237376,
        0.9468829253393765,
        -0.26016372448368436,
        513.8889884430538
      ],
      [
        -0.5565942322374835,
        -0.3215784904208928,
        -0.7660222810980019,
        255.34934432581977
      ],
      [
        0.0,
        0.0,
        0.0,
        1.0
      ]
    ],
    "RX": 190.444,
    "RY": -404.477,
    "RZ": 364.768,
    "RA": 179.999,
    "RB": 323.998,
    "RC": 198.759
  },
  "036": {
    "W2C": [
      [
        -0.7768273172136153,
        0.00016269833523666416,
        -0.6297136593404569,
        -10.010388928348902
      ],
      [
        0.10496298743152278,
        0.9860438447263238,
        -0.12922966976193828,
        544.4661735980409
      ],
      [
        0.620904252280613,
        -0.16648576457637856,
        -0.7660028718570654,
        397.9612949672509
      ],
      [
        0.0,
        0.0,
        0.0,
        1.0
      ]
    ],
    "RX": -312.021,
    "RY": -470.611,
    "RZ": 368.897,
    "RA": 179.988,
    "RB": 39.029,
    "RC": 189.576
  },
  "037": {
    "W2C": [
      [
        -0.7660780972993024,
        4.011175541233427e-05,
        -0.6427474988121911,
        -9.00412229371899
      ],
      [
        -7.103878374752637e-05,
        0.9999999866610065,
        0.00014707643567613118,
        541.4809481961712
      ],
      [
        0.6427474961380805,
        0.00015833203657271652,
        -0.7660780842311011,
        488.97367498393504
      ],
      [
        0.0,
        0.0,
        0.0,
        1.0
      ]
    ],
    "RX": -321.146,
    "RY": -541.558,
    "RZ": 368.725,
    "RA": 179.997,
    "RB": 39.997,
    "RC": 179.989
  },
  "048": {
    "W2C": [
      [
        -0.7768053525063645,
        -1.3557811049752404e-05,
        0.6297407753462122,
        -60.43985460072449
      ],
      [
        0.10473293141756497,
        0.9860705378859983,
        0.12921264407905908,
        534.0666607074577
      ],
      [
        -0.6209705769149988,
        0.16632767096729195,
        -0.7659834518293783,
        515.5773581050942
      ],
      [
        0.0,
        0.0,
        0.0,
        1.0
      ]
    ],
    "RX": 217.274,
    "RY": -612.383,
    "RZ": 363.977,
    "RA": 180.001,
    "RB": 320.969,
    "RC": 170.425
  },
  "049": {
    "W2C": [
      [
        -0.499939535071659,
        6.107913693913806e-05,
        0.8660603082589993,
        -56.000906222486854
      ],
      [
        -5.921419946333608e-05,
        0.9999999927650519,
        -0.00010470709139051705,
        541.5541690649255
      ],
      [
        -0.8660603083885164,
        -0.0001036302824290075,
        -0.49993952783787005,
        402.8229858184092
      ],
      [
        0.0,
        0.0,
        0.0,
        1.0
      ]
    ],
    "RX": 320.904,
    "RY": -541.509,
    "RZ": 249.944,
    "RA": 179.993,
    "RB": 299.996,
    "RC": 180.012
  },
  "050": {
    "W2C": [
      [
        -0.5130019950635396,
        -0.00013430361131541106,
        0.858387403812153,
        -56.42975415821444
      ],
      [
        -0.19262032693760503,
        0.9745156060884599,
        -0.11496409500575273,
        522.7858640237076
      ],
      [
        -0.8364964809915686,
        -0.2243196724600444,
        -0.499954319749455,
        283.2054859772827
      ],
      [
        0.0,
        0.0,
        0.0,
        1.0
      ]
    ],
    "RX": 308.651,
    "RY": -445.942,
    "RZ": 250.13,
    "RA": 180.015,
    "RB": 300.864,
    "RC": 192.95
  },
  "051": {
    "W2C": [
      [
        -0.5547718228816477,
        -2.9047784745989167e-05,
        0.8320025382730512,
        -57.39065547222008
      ],
      [
        -0.36042079689691736,
        0.9013077712008757,
        -0.2402938841025731,
        479.8966890931359
      ],
      [
        -0.7498833733993339,
        -0.4331792939755269,
        -0.5000306246322311,
        174.78047399213395
      ],
      [
        0.0,
        0.0,
        0.0,
        1.0
      ]
    ],
    "RX": 272.191,
    "RY": -356.825,
    "RZ": 250.461,
    "RA": 180.003,
    "RB": 303.695,
    "RC": 205.667
  }
}